[41.73726799765265, 12.513627876777415, 4]
[41.73726399114973, 12.513630612504667, 4]
[41.73724834038061, 12.513641299186197, 4]
[41.737232689610494, 12.513651985862518, 4]
[41.737217038839404, 12.513662672533632, 4]
[41.73720138806731, 12.513673359199537, 4]
[41.73718587424873, 12.513683952344985, 4]
[41.737181867744475, 12.513686688065242, 4]
[41.7371915108198, 12.513715271642479, 4]
[41.73719551732473, 12.513712535923593, 4]
[41.737211168100444, 12.513701849268214, 4]
[41.73722681887518, 12.513691162607623, 4]
[41.73724246964892, 12.513680475941825, 4]
[41.73725812042168, 12.51366978927082, 4]
[41.73727155228186, 12.513660617714462, 4]
[41.73727555878549, 12.51365788198876, 4]
[41.737283119910536, 12.513687887207174, 4]
[41.73727911340619, 12.513690622931327, 4]
[41.73726346263151, 12.513701309600748, 4]
[41.737247811855845, 12.513711996264963, 4]
[41.73723216107918, 12.513722682923968, 4]
[41.73721651030153, 12.513733369577764, 4]
[41.73720516039364, 12.513741119510788, 4]
[41.73720115388803, 12.5137438552283, 4]
[41.73721079694919, 12.513772438822707, 4]
[41.73721480345548, 12.513769703106565, 4]
[41.737215940838006, 12.513768926480797, 4]
[41.73721994734421, 12.513766190764214, 4]
